0 32829
1 32481
3 25194
2 24255
4 24161
5 23213
7 23080
19 22938
6 22750
18 22741
17 22722
20 22689
16 22644
22 22337
8 22328
21 21843
23 21759
471 21698
24 21687
546 21668
473 21665
395 21640
632 21594
472 21589
363 21584
217 21574
624 21555
625 21538
569 21522
583 21518
523 21504
629 21488
396 21481
567 21479
543 21477
452 21470
547 21466
376 21466
573 21463
453 21462
478 21452
494 21448
451 21433
378 21433
563 21432
545 21431
495 21431
425 21429
474 21429
377 21428
479 21428
574 21419
640 21416
562 21408
503 21398
588 21396
319 21396
522 21395
292 21394
318 21389
549 21384
570 21380
316 21380
426 21377
628 21374
631 21369
521 21368
477 21360
447 21358
641 21352
532 21352
633 21351
442 21348
634 21345
577 21344
216 21343
496 21341
393 21322
361 21320
341 21320
245 21320
536 21320
605 21315
252 21314
571 21312
589 21311
288 21303
548 21303
626 21302
322 21301
294 21300
656 21298
642 21298
358 21296
427 21294
295 21293
379 21292
388 21291
476 21282
643 21282
620 21281
470 21281
455 21279
608 21277
575 21275
251 21270
531 21269
609 21269
639 21266
544 21264
528 21263
286 21258
368 21256
308 21254
439 21251
636 21250
467 21248
293 21248
491 21247
469 21245
637 21242
334 21242
362 21242
509 21241
623 21241
296 21239
654 21239
385 21238
572 21237
352 21237
394 21236
604 21233
430 21231
592 21227
346 21227
440 21226
621 21225
266 21225
606 21224
568 21223
320 21222
290 21216
327 21216
431 21215
537 21215
646 21214
289 21213
622 21212
668 21212
428 21211
468 21211
493 21210
332 21209
530 21207
534 21205
192 21204
264 21202
315 21202
644 21202
524 21201
696 21198
438 21198
596 21196
585 21196
414 21194
518 21193
450 21192
389 21192
228 21191
371 21190
373 21190
602 21190
584 21189
502 21186
263 21185
364 21185
423 21185
375 21183
538 21183
449 21182
291 21179
349 21179
177 21179
354 21176
225 21176
454 21174
345 21171
370 21168
357 21168
434 21165
386 21164
374 21164
329 21161
599 21157
645 21157
542 21156
564 21155
382 21154
582 21154
218 21154
635 21153
448 21153
500 21153
400 21152
698 21151
699 21151
480 21151
196 21149
553 21148
305 21147
619 21143
630 21141
526 21139
484 21138
287 21138
267 21137
256 21134
285 21133
422 21133
556 21133
610 21132
445 21130
353 21128
652 21127
399 21125
261 21123
647 21122
424 21122
516 21120
436 21120
343 21119
498 21118
383 21118
501 21117
348 21116
566 21113
215 21113
541 21113
242 21111
317 21110
653 21110
464 21106
281 21106
539 21106
265 21105
381 21103
284 21102
697 21100
15 21100
404 21099
254 21098
533 21098
391 21094
336 21092
323 21092
651 21091
540 21091
241 21090
355 21089
612 21089
432 21088
257 21082
227 21082
387 21081
229 21081
465 21080
182 21080
557 21079
581 21079
520 21077
617 21077
253 21074
601 21074
328 21074
405 21073
203 21073
331 21070
211 21069
390 21067
282 21066
510 21065
398 21063
658 21063
490 21063
209 21062
666 21061
650 21061
262 21060
176 21059
226 21059
555 21059
443 21059
591 21057
321 21053
627 21051
461 21051
232 21050
507 21048
437 21046
554 21046
231 21046
195 21045
649 21045
356 21044
197 21043
214 21040
578 21040
586 21040
380 21038
9 21038
664 21036
672 21035
676 21034
618 21032
456 21031
527 21031
692 21029
497 21028
691 21027
535 21027
466 21024
657 21019
160 21018
446 21018
347 21016
515 21016
459 21016
219 21016
487 21015
598 21015
342 21014
587 21014
655 21012
359 21012
481 21011
457 21011
561 21009
304 21008
576 21006
421 21006
392 21004
525 21003
565 21002
268 21002
337 21001
300 21000
616 21000
350 21000
249 20998
384 20998
243 20997
444 20996
191 20994
326 20994
202 20993
221 20990
607 20990
594 20987
210 20986
529 20983
372 20982
613 20981
505 20981
178 20980
593 20978
344 20975
506 20974
460 20972
415 20971
298 20969
409 20968
419 20967
417 20967
244 20967
508 20967
190 20966
688 20964
513 20963
667 20959
401 20959
659 20959
595 20957
206 20957
38 20956
519 20956
648 20955
53 20954
406 20953
413 20951
600 20951
246 20951
695 20947
301 20947
338 20945
279 20943
638 20940
297 20940
483 20938
339 20938
597 20938
669 20936
255 20936
302 20936
517 20932
397 20931
283 20930
330 20930
230 20929
340 20929
418 20929
511 20928
351 20928
259 20927
369 20923
482 20923
250 20921
603 20918
165 20916
488 20914
560 20906
579 20906
663 20904
435 20903
429 20902
486 20898
403 20898
325 20896
310 20895
307 20893
161 20892
365 20890
590 20888
224 20885
475 20885
238 20885
311 20883
433 20882
489 20882
615 20879
499 20878
514 20878
614 20878
207 20877
223 20877
335 20875
234 20875
35 20874
682 20874
333 20871
463 20869
299 20867
240 20867
690 20867
504 20865
220 20862
559 20861
673 20860
580 20856
677 20855
260 20853
153 20853
258 20849
492 20849
270 20848
411 20847
462 20847
700 20846
685 20841
416 20840
247 20839
180 20839
410 20839
162 20839
274 20838
324 20838
198 20837
314 20836
213 20832
280 20831
212 20830
184 20830
112 20829
303 20828
239 20825
222 20824
237 20824
550 20822
166 20822
236 20821
40 20819
402 20819
200 20818
41 20815
278 20815
665 20811
193 20810
170 20807
420 20804
408 20803
208 20802
670 20794
552 20793
275 20793
678 20791
412 20791
248 20787
201 20787
611 20787
312 20780
31 20780
458 20778
273 20778
167 20777
199 20777
407 20776
367 20776
74 20775
169 20775
689 20774
674 20773
269 20772
360 20768
662 20767
168 20766
671 20765
183 20764
366 20762
306 20758
277 20752
54 20749
706 20747
441 20746
164 20743
512 20743
693 20743
309 20739
126 20730
205 20730
660 20729
163 20728
684 20726
114 20723
189 20723
705 20723
159 20721
661 20707
272 20706
683 20705
271 20704
485 20701
558 20699
116 20695
551 20691
276 20688
725 20683
233 20680
701 20675
56 20672
181 20669
172 20669
125 20667
137 20661
194 20659
186 20659
204 20659
37 20658
171 20656
179 20652
117 20646
687 20645
710 20640
175 20636
154 20635
39 20630
138 20629
313 20625
150 20625
83 20621
36 20618
715 20613
686 20613
128 20612
694 20608
73 20605
156 20602
142 20599
704 20595
25 20590
108 20583
123 20577
158 20570
235 20568
140 20566
675 20566
79 20561
132 20555
681 20554
107 20543
60 20538
708 20536
680 20531
10 20530
185 20525
110 20519
703 20519
88 20518
711 20512
187 20510
139 20508
57 20502
174 20496
84 20492
59 20491
173 20490
127 20487
724 20486
151 20481
118 20479
707 20472
141 20470
679 20469
129 20456
144 20455
87 20452
146 20445
155 20443
91 20438
145 20431
55 20430
71 20423
111 20420
709 20419
82 20418
67 20417
101 20411
136 20405
121 20399
119 20398
86 20395
713 20386
89 20381
69 20375
147 20364
124 20362
135 20361
149 20358
102 20353
133 20353
732 20352
66 20349
712 20342
26 20340
58 20314
188 20311
733 20310
731 20310
702 20306
78 20303
152 20300
103 20298
115 20292
727 20291
109 20289
85 20282
97 20280
729 20280
100 20280
148 20274
104 20266
68 20257
80 20257
106 20255
34 20253
131 20247
42 20244
92 20237
120 20235
64 20230
33 20228
105 20206
130 20198
90 20194
99 20190
122 20190
723 20177
716 20177
157 20175
113 20174
81 20168
76 20165
47 20159
30 20149
134 20148
143 20137
51 20131
75 20127
714 20107
735 20104
95 20103
70 20102
96 20102
94 20093
730 20082
93 20075
65 20065
726 20064
62 20054
728 20052
43 20049
718 20047
720 20025
52 19992
77 19990
98 19986
717 19977
11 19977
50 19957
719 19919
63 19880
61 19876
46 19870
722 19847
742 19832
738 19826
740 19807
737 19781
27 19773
49 19769
734 19761
72 19751
32 19744
741 19710
721 19703
736 19688
739 19676
45 19645
745 19629
746 19617
28 19582
743 19563
12 19536
48 19535
747 19392
744 19381
44 19305
749 19247
750 19208
754 19190
757 19177
755 19171
748 19166
751 19104
753 19072
752 18978
13 18965
756 18951
758 18796
29 18764
760 18623
761 18622
762 18554
759 18537
764 18435
763 18329
766 17855
765 17781
768 17343
767 17223
769 16804
770 16552
14 16164
771 16155
772 15533
773 14842
774 14170
775 13363
776 12376
777 11484
778 10291
779 9225
780 7806
781 6598
782 5516
783 4389
784 3478
785 2692
786 2007
787 1468
788 1107
789 743
790 486
791 274
792 192
793 130
794 86
795 77
796 57
797 44
799 30
798 20
800 16
802 15
804 14
801 14
803 9
805 8
806 3
807 2
820 1
822 1
817 1
818 1
835 1
madeupword0000 0
madeupword0001 0
madeupword0002 0
madeupword0003 0
madeupword0004 0
madeupword0005 0
madeupword0006 0
