0 58095
2 29322
1 28553
4 25874
3 24662
17 24499
15 23985
5 23851
22 23789
18 23581
16 23567
20 23518
6 23517
19 23285
425 22925
633 22848
23 22822
403 22798
21 22714
554 22490
477 22461
590 22384
471 22365
571 22301
277 22277
616 22266
7 22235
424 22213
561 22210
254 22209
347 22179
470 22120
411 22118
542 22117
391 22099
292 22070
624 22056
623 22031
361 22005
452 22000
531 21997
36 21974
413 21963
453 21961
239 21956
518 21954
255 21946
558 21939
516 21934
227 21928
252 21926
242 21926
161 21915
562 21914
593 21911
355 21906
382 21898
319 21894
178 21887
451 21885
583 21860
289 21850
145 21847
569 21837
342 21830
221 21828
385 21824
521 21823
582 21818
639 21810
540 21799
478 21794
550 21792
541 21790
598 21781
603 21779
455 21774
536 21770
250 21760
204 21749
264 21748
673 21745
341 21734
656 21733
632 21730
206 21730
160 21729
529 21726
636 21722
567 21722
522 21712
538 21711
318 21711
372 21700
283 21687
257 21683
600 21680
640 21670
487 21669
520 21666
454 21665
381 21662
348 21657
502 21653
182 21645
114 21635
530 21632
290 21624
528 21616
386 21611
535 21609
315 21606
618 21606
546 21593
271 21586
700 21583
278 21578
465 21561
468 21547
601 21546
260 21545
365 21542
282 21537
441 21533
225 21525
189 21521
533 21519
547 21515
469 21503
447 21502
587 21502
158 21499
230 21497
308 21494
488 21489
442 21486
436 21484
476 21478
226 21478
188 21477
378 21477
653 21476
214 21475
588 21457
560 21456
325 21443
34 21438
395 21438
405 21432
305 21429
612 21426
628 21424
177 21410
513 21406
608 21406
509 21405
387 21404
448 21401
543 21400
690 21399
299 21394
169 21394
553 21394
87 21387
312 21386
284 21384
244 21381
261 21377
179 21355
262 21350
339 21347
377 21347
631 21347
66 21347
500 21344
630 21340
602 21339
144 21335
344 21332
335 21331
166 21329
609 21323
570 21319
370 21315
501 21315
175 21314
427 21308
246 21307
352 21307
213 21304
273 21301
645 21298
307 21295
171 21294
349 21288
280 21285
279 21283
259 21283
480 21279
649 21278
117 21277
596 21276
54 21266
316 21260
216 21258
491 21256
439 21254
107 21250
195 21249
445 21249
294 21248
38 21247
532 21246
345 21243
489 21242
150 21241
153 21239
417 21238
293 21238
619 21235
563 21230
247 21228
430 21225
493 21225
591 21220
715 21220
24 21214
374 21212
472 21212
209 21210
420 21209
302 21206
548 21204
306 21204
626 21203
428 21198
473 21197
266 21195
30 21194
122 21192
222 21192
496 21190
393 21183
245 21178
73 21171
484 21169
512 21167
481 21166
552 21161
232 21160
351 21158
691 21158
687 21156
446 21156
291 21155
376 21155
202 21152
467 21151
392 21144
449 21136
443 21135
434 21134
581 21131
156 21128
534 21126
332 21123
525 21121
99 21120
435 21120
8 21117
37 21110
644 21107
437 21103
288 21103
52 21098
148 21098
338 21097
404 21093
359 21093
617 21092
375 21089
642 21089
575 21086
296 21086
505 21078
431 21076
154 21075
499 21074
657 21057
406 21056
337 21054
90 21051
138 21050
109 21048
286 21047
545 21046
566 21045
256 21045
39 21044
490 21043
635 21041
485 21038
580 21034
399 21029
429 21027
323 21025
672 21025
432 21023
56 21023
340 21023
498 21022
379 21021
211 21020
120 21019
698 21018
132 21017
629 21017
527 21012
466 21010
668 21009
605 21008
333 21008
360 21005
549 21005
124 21004
494 21004
415 21003
450 21003
135 21003
414 21003
362 21001
577 21001
419 20998
422 20992
137 20992
495 20991
463 20986
398 20985
555 20984
396 20981
474 20979
662 20978
322 20977
389 20971
78 20967
369 20967
578 20964
397 20962
666 20960
574 20960
314 20960
301 20958
186 20954
274 20951
457 20950
539 20950
281 20949
174 20947
622 20946
287 20941
641 20937
696 20934
506 20933
519 20932
423 20931
669 20929
79 20928
610 20928
83 20922
207 20921
695 20921
218 20913
440 20910
620 20908
418 20907
155 20906
584 20906
201 20901
614 20898
589 20897
613 20895
703 20894
611 20891
173 20884
510 20883
654 20883
523 20881
81 20877
196 20877
400 20876
219 20875
556 20874
193 20872
565 20872
238 20869
265 20864
380 20863
568 20861
236 20861
85 20860
329 20859
732 20858
241 20854
298 20854
646 20851
331 20840
652 20837
297 20834
249 20833
409 20832
356 20832
368 20831
354 20830
537 20828
295 20828
191 20827
194 20826
508 20825
651 20820
234 20820
621 20819
268 20818
358 20817
240 20816
412 20814
515 20814
215 20814
438 20813
366 20813
304 20812
394 20812
456 20808
276 20808
111 20803
384 20803
683 20802
126 20800
594 20799
168 20799
492 20797
300 20795
237 20794
350 20794
162 20791
388 20790
59 20786
217 20785
421 20783
426 20782
686 20782
625 20778
606 20773
176 20773
664 20769
364 20766
267 20762
220 20761
183 20761
63 20761
108 20760
573 20759
706 20758
311 20758
677 20749
97 20747
197 20746
243 20743
190 20741
638 20740
544 20738
57 20736
697 20736
212 20731
661 20730
363 20730
127 20722
433 20721
115 20717
320 20712
68 20709
35 20703
604 20701
643 20701
585 20692
576 20688
647 20688
324 20687
285 20685
408 20681
70 20674
310 20672
326 20672
723 20671
123 20663
131 20662
459 20660
663 20656
231 20653
309 20650
634 20649
263 20644
373 20643
343 20640
524 20639
143 20638
599 20636
164 20633
334 20632
71 20629
53 20622
233 20620
41 20616
597 20609
200 20607
357 20606
116 20603
671 20602
655 20597
371 20589
685 20589
346 20588
248 20586
693 20586
637 20579
627 20579
167 20577
383 20577
272 20574
514 20574
444 20571
330 20569
658 20564
139 20552
483 20551
199 20551
180 20543
526 20543
58 20539
416 20539
579 20538
152 20537
681 20534
151 20526
407 20521
572 20520
475 20517
210 20515
228 20511
321 20509
192 20508
665 20506
704 20503
682 20502
159 20501
353 20497
462 20496
701 20493
464 20492
163 20489
724 20488
367 20484
317 20474
336 20474
140 20470
77 20465
460 20464
224 20463
198 20457
75 20455
48 20452
592 20452
714 20442
667 20438
275 20438
203 20426
684 20424
648 20420
503 20415
390 20414
86 20412
674 20400
507 20400
205 20389
119 20384
497 20384
401 20380
511 20378
313 20377
146 20371
586 20370
486 20369
102 20369
607 20369
9 20369
229 20367
251 20363
711 20363
327 20357
55 20355
670 20349
112 20347
458 20346
125 20341
709 20337
95 20333
725 20325
50 20321
303 20321
253 20315
165 20314
69 20302
149 20302
141 20292
67 20292
517 20290
98 20287
101 20285
689 20283
181 20279
688 20277
479 20274
595 20273
170 20269
113 20265
461 20258
678 20256
88 20256
680 20254
72 20250
100 20249
60 20244
172 20243
504 20240
40 20226
91 20226
42 20224
82 20224
49 20220
208 20220
96 20218
92 20215
64 20210
134 20207
692 20204
699 20201
708 20198
679 20183
94 20178
328 20175
719 20173
270 20169
157 20167
110 20159
235 20158
482 20149
118 20144
564 20142
62 20139
650 20139
103 20138
133 20130
713 20128
33 20125
402 20117
559 20112
187 20111
136 20099
121 20088
676 20077
551 20073
128 20069
710 20064
46 20035
105 20031
721 20031
717 20030
104 20028
84 20007
258 20001
694 19995
65 19981
89 19972
557 19961
707 19961
740 19959
659 19954
106 19936
184 19925
185 19924
61 19923
147 19912
705 19909
269 19905
730 19896
93 19878
76 19876
737 19873
223 19864
660 19855
51 19811
726 19806
47 19804
80 19794
727 19786
731 19780
45 19778
25 19774
728 19770
675 19755
720 19743
130 19737
729 19730
142 19704
615 19698
712 19689
722 19644
744 19590
31 19584
32 19581
74 19529
410 19526
129 19511
736 19481
734 19461
739 19450
43 19411
27 19372
11 19349
742 19318
702 19271
718 19255
10 19250
749 19244
738 19234
753 19209
44 19136
733 19075
735 19069
745 18964
756 18937
741 18936
716 18919
26 18918
750 18822
28 18730
746 18703
743 18550
752 18546
748 18545
754 18545
747 18521
755 18476
762 18403
751 18395
757 18311
759 18060
761 18030
760 17928
763 17842
758 17841
12 17514
764 17479
29 17475
767 17339
765 17331
13 16693
766 16522
768 16048
769 15734
770 15605
771 15315
14 15066
772 14729
773 13893
774 12638
775 12072
776 11780
777 9712
778 9178
779 7626
780 6124
781 5274
782 4247
783 3189
784 2729
785 1750
786 1244
787 1003
788 656
789 473
790 287
791 141
792 110
795 83
793 72
794 68
798 30
796 27
799 16
801 16
800 15
797 13
804 7
803 7
802 3
806 3
805 3
817 2
820 1
822 1
835 1
madeupword0000 0
